4294967278,53
4294967278,52
4294967278,46
4294967278,45
4294967278,44
4294967278,39
4294967278,34
4294967279,55
4294967279,54
4294967279,53
4294967279,52
4294967279,46
4294967279,35
4294967279,30
4294967279,18
4294967279,15
4294967279,13
4294967279,7
10,4
13,4
12,4
8,4
4294967294,50
4294967294,180
4294967294,190
7,4
4294967294,30
4294967294,163
4294967294,36
4294967294,39
4294967294,115
4294967294,51
4294967294,388
4294967294,165
4294967294,113
4294967294,92
4294967294,88
4294967294,82
4294967294,81
4294967294,184
4294967294,384
4294967294,188
4294967294,185
4294967294,11
4294967294,175
4294967294,183
4294967294,120
4294967294,422
4294967294,18
4294967294,127
4294967294,14
4294967294,126
4294967294,20
4294967294,13
4294967294,166
4294967294,24
4294967294,12
4294967294,104
4294967294,106
4294967294,160
4294967294,25
4294967294,119
4294967294,168
4294967294,162
4294967294,1418
9,4
4294967294,7
4294967294,6
4294967294,5
4294967294,22
4294967294,17
4294967294,42
4294967294,99
4294967294,76
4294967294,41
4294967294,1410
4294967294,43
4294967294,26
4294967294,1419
4294967294,83
4294967294,67
4294967294,68
4294967293,131
4294967293,130
4294967293,129
4294967293,128
4294967293,127
4294967293,126
4294967293,125
4294967293,124
4294967293,123
4294967293,122
4294967293,121
4294967293,120
4294967293,119
4294967293,118
4294967293,117
4294967293,116
4294967293,115
4294967293,114
4294967293,113
4294967293,112
4294967293,111
4294967293,110
4294967293,109
4294967293,108
4294967293,107
4294967293,106
4294967293,105
4294967293,104
4294967293,103
4294967293,102
4294967293,101
4294967293,100
4294967293,99
4294967293,98
4294967293,97
4294967293,96
4294967293,95
4294967293,94
4294967293,93
4294967293,92
4294967293,91
4294967293,90
4294967293,89
4294967293,87
4294967293,86
4294967293,85
4294967293,84
4294967293,83
4294967293,82
4294967293,81
4294967293,80
4294967293,79
4294967293,78
4294967293,77
4294967293,76
4294967293,75
4294967293,74
4294967293,73
4294967293,72
4294967293,71
4294967293,70
4294967293,69
4294967293,68
4294967293,67
4294967293,66
4294967293,65
4294967293,64
4294967293,63
4294967293,62
4294967293,61
4294967293,60
4294967293,59
4294967293,58
4294967293,57
4294967293,56
4294967293,55
4294967293,54
4294967293,53
4294967293,52
4294967293,51
4294967293,50
4294967293,49
4294967293,48
4294967293,47
4294967293,46
4294967293,45
4294967293,44
4294967293,43
4294967293,42
4294967293,41
4294967293,40
4294967293,39
4294967293,38
4294967293,37
4294967293,36
4294967293,35
4294967293,34
4294967293,33
4294967293,32
4294967293,31
4294967293,30
4294967293,29
4294967293,28
4294967293,27
4294967293,26
4294967293,25
4294967293,24
4294967293,23
4294967293,22
4294967293,21
4294967293,20
4294967293,19
4294967293,18
4294967293,17
4294967293,16
4294967293,15
4294967293,14
4294967293,13
4294967293,12
4294967293,11
4294967293,10
4294967293,9
4294967293,8
4294967293,7
4294967293,6
4294967293,5
4294967293,4
4294967293,3
4294967278,361
4294967278,132
4294967278,131
4294967278,130
4294967278,256
4294967278,129
4294967278,128
4294967278,357
4294967278,127
4294967278,125
4294967278,324
4294967278,123
4294967278,369
4294967278,122
4294967278,383
4294967278,243
4294967278,117
4294967278,227
4294967278,108
4294967278,382
4294967278,321
4294967278,92
4294967278,320
4294967278,91
4294967278,372
4294967278,86
4294967278,381
4294967278,85
4294967278,317
4294967278,82
4294967278,368
4294967278,367
4294967278,75
4294967278,380
4294967278,366
4294967278,65
4294967278,379
4294967278,64
4294967278,55
4294967278,54
4294967278,50
4294967278,49
4294967278,48
4294967278,47
4294967278,371
4294967278,365
4294967278,378
4294967278,43
4294967278,42
4294967278,40
4294967278,370
4294967278,377
4294967278,364
4294967278,363
4294967278,174
4294967279,439
4294967279,414
4294967279,437
4294967279,2
4294967279,102
4294967279,434
4294967279,430
4294967279,91
4294967279,90
4294967279,89
4294967279,87
4294967279,433
4294967279,429
4294967279,85
4294967279,428
4294967279,84
4294967279,427
4294967279,426
4294967279,82
4294967279,425
4294967279,81
4294967279,80
4294967279,79
4294967279,78
4294967279,424
4294967279,423
4294967279,422
4294967279,421
4294967279,432
4294967279,442
4294967279,51
4294967279,304
4294967279,50
4294967279,48
4294967279,47
4294967279,420
4294967279,44
4294967279,43
4294967279,41
4294967279,40
4294967279,39
4294967279,38
4294967279,37
4294967279,36
4294967279,34
4294967279,33
4294967279,32
4294967279,31
4294967279,29
4294967279,28
4294967279,27
4294967279,26
4294967279,278
4294967279,25
4294967279,24
4294967279,23
4294967279,22
4294967279,21
4294967279,292
4294967279,20
4294967279,290
4294967279,19
4294967279,17
4294967279,16
4294967279,418
4294967279,288
4294967279,14
4294967279,9
4294967279,88
4294967279,174
4294967279,281
4294967279,4
4294967294,1034
4294967294,471
4294967294,587
4294967294,1217
4294967294,832
4294967294,425
4294967294,414
4294967294,434
4294967294,291
4294967294,290
4294967294,289
4294967294,159
4294967294,288
4294967294,287
4294967294,285
4294967294,284
4294967294,283
4294967294,282
4294967294,281
4294967294,279
4294967294,277
4294967294,275
4294967294,274
4294967294,271
4294967294,267
4294967294,263
4294967294,262
4294967294,257
4294967294,254
4294967294,253
4294967294,250
4294967294,155
4294967294,249
4294967294,244
4294967294,240
4294967294,239
4294967294,238
4294967294,236
4294967294,235
4294967294,234
4294967294,232
4294967294,231
4294967294,227
4294967294,226
4294967294,224
4294967294,222
4294967294,219
4294967294,216
4294967294,989
4294967294,214
4294967294,212
4294967294,211
4294967294,152
4294967294,0
4294967294,209
4294967294,206
4294967294,205
4294967294,204
4294967294,203
4294967294,466
4294967294,202
4294967294,201
4294967294,197
4294967294,196
4294967294,195
4294967294,194
4294967294,192
4294967294,831
4294967294,830
4294967294,826
4294967294,824
4294967294,823
4294967294,822
4294967294,821
4294967294,820
4294967294,819
4294967294,817
4294967294,1589
4294967294,813
4294967294,812
4294967294,810
4294967294,809
4294967294,808
4294967294,807
4294967294,452
4294967294,804
4294967294,803
4294967294,802
4294967294,799
4294967294,798
4294967294,796
4294967294,794
4294967294,793
4294967294,792
4294967294,423
4294967294,458
4294967294,787
4294967294,786
4294967294,783
4294967294,149
4294967294,782
4294967294,980
4294967294,147
4294967294,780
4294967294,777
4294967294,775
4294967294,971
4294967294,469
4294967294,771
4294967294,145
4294967294,769
4294967294,768
4294967294,766
4294967294,763
4294967294,186
4294967294,761
4294967294,760
4294967294,759
4294967294,756
4294967294,755
4294967294,754
4294967294,752
4294967294,751
4294967294,750
4294967294,749
4294967294,748
4294967294,747
4294967294,746
4294967294,745
4294967294,737
4294967294,736
4294967294,735
4294967294,734
4294967294,733
4294967294,730
4294967294,726
4294967294,722
4294967294,720
4294967294,718
4294967294,716
4294967294,714
4294967294,712
4294967294,710
4294967294,135
4294967294,708
4294967294,1591
4294967294,138
4294967294,703
4294967294,702
4294967294,701
4294967294,699
4294967294,698
4294967294,697
4294967294,696
4294967294,137
4294967294,695
4294967294,692
4294967294,687
4294967294,686
4294967294,685
4294967294,684
4294967294,682
4294967294,681
4294967294,678
4294967294,675
4294967294,671
4294967294,670
4294967294,668
4294967294,667
4294967294,666
4294967294,665
4294967294,664
4294967294,655
4294967294,653
4294967294,651
4294967294,649
4294967294,646
4294967294,645
4294967294,643
4294967294,640
4294967294,638
4294967294,636
4294967294,634
4294967294,633
4294967294,627
4294967294,129
4294967294,625
4294967294,158
4294967294,622
4294967294,621
4294967294,620
4294967294,630
4294967294,618
4294967294,146
4294967294,629
4294967294,639
4294967294,613
4294967294,143
4294967294,134
4294967294,136
4294967294,156
4294967294,608
1,0
4294967294,607
4294967294,154
4294967294,606
4294967294,150
4294967294,141
4294967294,133
4294967294,153
4294967294,128
4294967294,605
4294967294,142
4294967294,814
4294967294,130
4294967294,70
4294967294,148
4294967294,72
4294967294,811
4294967294,139
4294967294,71
4294967294,1412
4294967294,1020
4294967294,975
4294967294,1423
4294967294,851
4294967294,1424
4294967294,1171
4294967294,1175
4294967294,420
4294967294,496
4294967294,441
4294967294,1469
4294967294,390
4294967294,492
4294967294,1470
4294967294,430
4294967294,1463
4294967294,1466
4294967294,1471
4294967294,1452
4294967294,1464
4294967294,446
4294967294,1461
4294967294,1456
4294967294,1443
4294967294,393
4294967294,1449
4294967294,1440
4294967294,444
4294967294,603
4294967294,602
4294967294,1437
4294967294,1420
4294967294,542
4294967294,541
4294967294,540
4294967294,539
4294967294,538
4294967294,536
4294967294,537
4294967294,535
4294967294,534
4294967294,533
4294967294,532
4294967294,531
4294967294,530
4294967294,529
4294967294,528
4294967294,527
4294967294,526
4294967294,1036
4294967294,1035
4294967294,525
4294967294,524
4294967294,1033
4294967294,523
4294967294,522
4294967294,521
4294967294,519
4294967294,520
4294967294,518
4294967294,517
4294967294,516
4294967294,515
4294967294,514
4294967294,513
4294967294,512
4294967294,1032
4294967294,383
4294967294,382
4294967294,381
4294967294,31
4294967294,1182
4294967294,860
4294967294,1193
4294967294,861
4294967294,873
4294967294,960
4294967294,1549
4294967294,1459
4294967294,862
4294967294,850
4294967294,1821
4294967278,190
4294967279,77
4294967294,460
4294967278,295
4294967278,299
4294967279,299
4294967279,277
4294967278,215
4294967279,215
4294967279,410
4294967279,318
